"0","```r
var(YY)
```"
"1","                    Sex.I      Sex.M     Length   Diameter     Height Whole.Weight Shucked.Weight Viscera.Weight Shell.Weight
Sex.I           1.0000000 -0.5225411 -0.5514650 -0.5643152 -0.5185524   -0.5575921     -0.5218421     -0.5560806   -0.5469534
Sex.M          -0.5225411  1.0000000  0.2365433  0.2403758  0.2154589    0.2520377      0.2517928      0.2421943    0.2353905
Length         -0.5514650  0.2365433  1.0000000  0.9868116  0.8275536    0.9252612      0.8979137      0.9030177    0.8977056
Diameter       -0.5643152  0.2403758  0.9868116  1.0000000  0.8336837    0.9254521      0.8931625      0.8997244    0.9053298
Height         -0.5185524  0.2154589  0.8275536  0.8336837  1.0000000    0.8192208      0.7749723      0.7983193    0.8173380
Whole.Weight   -0.5575921  0.2520377  0.9252612  0.9254521  0.8192208    1.0000000      0.9694055      0.9663751    0.9553554
Shucked.Weight -0.5218421  0.2517928  0.8979137  0.8931625  0.7749723    0.9694055      1.0000000      0.9319613    0.8826171
Viscera.Weight -0.5560806  0.2421943  0.9030177  0.8997244  0.7983193    0.9663751      0.9319613      1.0000000    0.9076563
Shell.Weight   -0.5469534  0.2353905  0.8977056  0.9053298  0.8173380    0.9553554      0.8826171      0.9076563    1.0000000
"
